{
 "cells": [
  {
   "cell_type": "code",
   "execution_count": 1,
   "metadata": {},
   "outputs": [
    {
     "data": {
      "text/plain": [
       "['19 20\\n',\n",
       " '11 12 559.122900954\\n',\n",
       " '11 15 964.478353219\\n',\n",
       " '10 18 418.505211942\\n',\n",
       " '10 2 383.631563949\\n',\n",
       " '13 12 179.646267685\\n',\n",
       " '12 11 559.122900954\\n',\n",
       " '12 13 179.646267685\\n',\n",
       " '12 14 574.260935613\\n',\n",
       " '15 11 964.478353219\\n',\n",
       " '15 16 596.863170943\\n',\n",
       " '14 8 1422.54740366\\n',\n",
       " '14 12 574.260935613\\n',\n",
       " '17 18 387.240749117\\n',\n",
       " '17 16 891.804868094\\n',\n",
       " '16 15 596.863170943\\n',\n",
       " '16 17 891.804868094\\n',\n",
       " '18 9 235.879658159\\n',\n",
       " '18 10 418.505211942\\n',\n",
       " '18 17 387.240749117\\n',\n",
       " '18 8 881.740584299\\n',\n",
       " '1 0 129.649074997\\n',\n",
       " '1 6 199.218385992\\n',\n",
       " '0 1 129.649074997\\n',\n",
       " '0 3 506.697678735\\n',\n",
       " '3 0 506.697678735\\n',\n",
       " '3 2 330.026397578\\n',\n",
       " '2 10 383.631563949\\n',\n",
       " '2 3 330.026397578\\n',\n",
       " '5 8 293.493261863\\n',\n",
       " '5 4 235.878097759\\n',\n",
       " '4 5 235.878097759\\n',\n",
       " '4 7 1127.55848143\\n',\n",
       " '7 4 1127.55848143\\n',\n",
       " '7 6 871.926467359\\n',\n",
       " '6 1 199.218385992\\n',\n",
       " '6 7 871.926467359\\n',\n",
       " '9 18 235.879658159\\n',\n",
       " '8 18 881.740584299\\n',\n",
       " '8 5 293.493261863\\n',\n",
       " '8 14 1422.54740366\\n']"
      ]
     },
     "execution_count": 1,
     "metadata": {},
     "output_type": "execute_result"
    }
   ],
   "source": [
    "## reading the topology file\n",
    "file = open(\"DataFiles/savvis.txt\",'r')\n",
    "content=file.readlines()\n",
    "content"
   ]
  },
  {
   "cell_type": "code",
   "execution_count": 2,
   "metadata": {},
   "outputs": [
    {
     "name": "stdout",
     "output_type": "stream",
     "text": [
      "nodes and edges are 19 and  20\n"
     ]
    }
   ],
   "source": [
    "## getting nodes and edges\n",
    "cleaned = content[0].split('\\n')[0].split(' ')\n",
    "nodes = int(cleaned[0])\n",
    "edges = int(cleaned[1])\n",
    "print(\"nodes and edges are {} and  {}\".format(nodes,edges))"
   ]
  },
  {
   "cell_type": "code",
   "execution_count": 3,
   "metadata": {},
   "outputs": [],
   "source": [
    "## need to initialized a matrix of size nodes*nodes\n",
    "max_value = 9999999\n",
    "adjacency_matrix= [ [ max_value for i in range(nodes) ] for j in range(nodes) ]"
   ]
  },
  {
   "cell_type": "code",
   "execution_count": 4,
   "metadata": {},
   "outputs": [
    {
     "data": {
      "text/plain": [
       "[[9999999,\n",
       "  129.649074997,\n",
       "  836.7240763130001,\n",
       "  506.697678735,\n",
       "  2328.352409778,\n",
       "  2564.230507537,\n",
       "  328.86746098900005,\n",
       "  1200.793928348,\n",
       "  2520.601436503,\n",
       "  1874.7405103629999,\n",
       "  1220.355640262,\n",
       "  4479.247993577001,\n",
       "  4517.409775776,\n",
       "  4697.056043461,\n",
       "  3943.148840163,\n",
       "  3514.769640358,\n",
       "  2917.906469415,\n",
       "  2026.1016013209999,\n",
       "  1638.860852204],\n",
       " [129.649074997,\n",
       "  9999999,\n",
       "  966.37315131,\n",
       "  636.346753732,\n",
       "  2198.703334781,\n",
       "  2434.5814325399997,\n",
       "  199.218385992,\n",
       "  1071.144853351,\n",
       "  2650.2505115,\n",
       "  2004.38958536,\n",
       "  1350.004715259,\n",
       "  4608.8970685740005,\n",
       "  4647.058850773,\n",
       "  4826.7051184580005,\n",
       "  4072.7979151600002,\n",
       "  3644.418715355,\n",
       "  3047.555544412,\n",
       "  2155.750676318,\n",
       "  1768.509927201],\n",
       " [836.7240763130001,\n",
       "  966.37315131,\n",
       "  9999999,\n",
       "  330.026397578,\n",
       "  2213.248719812,\n",
       "  1977.370622053,\n",
       "  1165.591537302,\n",
       "  2037.5180046609998,\n",
       "  1683.8773601900002,\n",
       "  1038.01643405,\n",
       "  383.631563949,\n",
       "  3642.5239172640004,\n",
       "  3680.685699463,\n",
       "  3860.3319671480003,\n",
       "  3106.42476385,\n",
       "  2678.045564045,\n",
       "  2081.182393102,\n",
       "  1189.377525008,\n",
       "  802.1367758910001],\n",
       " [506.697678735,\n",
       "  636.346753732,\n",
       "  330.026397578,\n",
       "  9999999,\n",
       "  2543.27511739,\n",
       "  2307.397019631,\n",
       "  835.565139724,\n",
       "  1707.491607083,\n",
       "  2013.903757768,\n",
       "  1368.042831628,\n",
       "  713.657961527,\n",
       "  3972.5503148420003,\n",
       "  4010.712097041,\n",
       "  4190.358364726,\n",
       "  3436.451161428,\n",
       "  3008.071961623,\n",
       "  2411.2087906799998,\n",
       "  1519.403922586,\n",
       "  1132.163173469],\n",
       " [2328.352409778,\n",
       "  2198.703334781,\n",
       "  2213.248719812,\n",
       "  2543.27511739,\n",
       "  9999999,\n",
       "  235.878097759,\n",
       "  1999.484948789,\n",
       "  1127.55848143,\n",
       "  529.371359622,\n",
       "  1646.9916020800001,\n",
       "  1829.617155863,\n",
       "  3085.302599849,\n",
       "  2526.179698895,\n",
       "  2705.82596658,\n",
       "  1951.918763282,\n",
       "  3287.020732075,\n",
       "  2690.1575611320004,\n",
       "  1798.352693038,\n",
       "  1411.1119439210001],\n",
       " [2564.230507537,\n",
       "  2434.5814325399997,\n",
       "  1977.370622053,\n",
       "  2307.397019631,\n",
       "  235.878097759,\n",
       "  9999999,\n",
       "  2235.363046548,\n",
       "  1363.436579189,\n",
       "  293.493261863,\n",
       "  1411.113504321,\n",
       "  1593.739058104,\n",
       "  2849.42450209,\n",
       "  2290.301601136,\n",
       "  2469.947868821,\n",
       "  1716.0406655230001,\n",
       "  3051.142634316,\n",
       "  2454.279463373,\n",
       "  1562.474595279,\n",
       "  1175.233846162],\n",
       " [328.86746098900005,\n",
       "  199.218385992,\n",
       "  1165.591537302,\n",
       "  835.565139724,\n",
       "  1999.484948789,\n",
       "  2235.363046548,\n",
       "  9999999,\n",
       "  871.926467359,\n",
       "  2528.856308411,\n",
       "  2203.6079713520003,\n",
       "  1549.2231012510001,\n",
       "  4808.115454566,\n",
       "  4525.664647684,\n",
       "  4705.310915369,\n",
       "  3951.403712071,\n",
       "  3843.6371013469998,\n",
       "  3246.773930404,\n",
       "  2354.96906231,\n",
       "  1967.728313193],\n",
       " [1200.793928348,\n",
       "  1071.144853351,\n",
       "  2037.5180046609998,\n",
       "  1707.491607083,\n",
       "  1127.55848143,\n",
       "  1363.436579189,\n",
       "  871.926467359,\n",
       "  9999999,\n",
       "  1656.929841052,\n",
       "  2774.55008351,\n",
       "  2421.14956861,\n",
       "  4212.861081279,\n",
       "  3653.7381803250005,\n",
       "  3833.3844480100006,\n",
       "  3079.4772447120004,\n",
       "  4414.579213505,\n",
       "  3817.7160425620004,\n",
       "  2925.9111744680004,\n",
       "  2538.670425351],\n",
       " [2520.601436503,\n",
       "  2650.2505115,\n",
       "  1683.8773601900002,\n",
       "  2013.903757768,\n",
       "  529.371359622,\n",
       "  293.493261863,\n",
       "  2528.856308411,\n",
       "  1656.929841052,\n",
       "  9999999,\n",
       "  1117.6202424580001,\n",
       "  1300.245796241,\n",
       "  2555.9312402269998,\n",
       "  1996.808339273,\n",
       "  2176.454606958,\n",
       "  1422.54740366,\n",
       "  2757.649372453,\n",
       "  2160.78620151,\n",
       "  1268.981333416,\n",
       "  881.740584299],\n",
       " [1874.7405103629999,\n",
       "  2004.38958536,\n",
       "  1038.01643405,\n",
       "  1368.042831628,\n",
       "  1646.9916020800001,\n",
       "  1411.113504321,\n",
       "  2203.6079713520003,\n",
       "  2774.55008351,\n",
       "  1117.6202424580001,\n",
       "  9999999,\n",
       "  654.384870101,\n",
       "  3076.2667995320003,\n",
       "  3114.428581731,\n",
       "  3294.0748494160002,\n",
       "  2540.167646118,\n",
       "  2111.788446313,\n",
       "  1514.92527537,\n",
       "  623.120407276,\n",
       "  235.879658159],\n",
       " [1220.355640262,\n",
       "  1350.004715259,\n",
       "  383.631563949,\n",
       "  713.657961527,\n",
       "  1829.617155863,\n",
       "  1593.739058104,\n",
       "  1549.2231012510001,\n",
       "  2421.14956861,\n",
       "  1300.245796241,\n",
       "  654.384870101,\n",
       "  9999999,\n",
       "  3258.8923533150005,\n",
       "  3297.0541355140003,\n",
       "  3476.7004031990004,\n",
       "  2722.793199901,\n",
       "  2294.414000096,\n",
       "  1697.550829153,\n",
       "  805.745961059,\n",
       "  418.505211942],\n",
       " [4479.247993577001,\n",
       "  4608.8970685740005,\n",
       "  3642.5239172640004,\n",
       "  3972.5503148420003,\n",
       "  3085.302599849,\n",
       "  2849.42450209,\n",
       "  4808.115454566,\n",
       "  4212.861081279,\n",
       "  2555.9312402269998,\n",
       "  3076.2667995320003,\n",
       "  3258.8923533150005,\n",
       "  9999999,\n",
       "  559.122900954,\n",
       "  738.769168639,\n",
       "  1133.383836567,\n",
       "  964.478353219,\n",
       "  1561.341524162,\n",
       "  2453.146392256,\n",
       "  2840.3871413730003],\n",
       " [4517.409775776,\n",
       "  4647.058850773,\n",
       "  3680.685699463,\n",
       "  4010.712097041,\n",
       "  2526.179698895,\n",
       "  2290.301601136,\n",
       "  4525.664647684,\n",
       "  3653.7381803250005,\n",
       "  1996.808339273,\n",
       "  3114.428581731,\n",
       "  3297.0541355140003,\n",
       "  559.122900954,\n",
       "  9999999,\n",
       "  179.646267685,\n",
       "  574.260935613,\n",
       "  1523.6012541730001,\n",
       "  2120.4644251160003,\n",
       "  3012.2692932100003,\n",
       "  2878.548923572],\n",
       " [4697.056043461,\n",
       "  4826.7051184580005,\n",
       "  3860.3319671480003,\n",
       "  4190.358364726,\n",
       "  2705.82596658,\n",
       "  2469.947868821,\n",
       "  4705.310915369,\n",
       "  3833.3844480100006,\n",
       "  2176.454606958,\n",
       "  3294.0748494160002,\n",
       "  3476.7004031990004,\n",
       "  738.769168639,\n",
       "  179.646267685,\n",
       "  9999999,\n",
       "  753.907203298,\n",
       "  1703.2475218580003,\n",
       "  2300.1106928010004,\n",
       "  3191.9155608950005,\n",
       "  3058.1951912570003],\n",
       " [3943.148840163,\n",
       "  4072.7979151600002,\n",
       "  3106.42476385,\n",
       "  3436.451161428,\n",
       "  1951.918763282,\n",
       "  1716.0406655230001,\n",
       "  3951.403712071,\n",
       "  3079.4772447120004,\n",
       "  1422.54740366,\n",
       "  2540.167646118,\n",
       "  2722.793199901,\n",
       "  1133.383836567,\n",
       "  574.260935613,\n",
       "  753.907203298,\n",
       "  9999999,\n",
       "  2097.8621897860003,\n",
       "  2694.7253607290004,\n",
       "  2691.528737076,\n",
       "  2304.287987959],\n",
       " [3514.769640358,\n",
       "  3644.418715355,\n",
       "  2678.045564045,\n",
       "  3008.071961623,\n",
       "  3287.020732075,\n",
       "  3051.142634316,\n",
       "  3843.6371013469998,\n",
       "  4414.579213505,\n",
       "  2757.649372453,\n",
       "  2111.788446313,\n",
       "  2294.414000096,\n",
       "  964.478353219,\n",
       "  1523.6012541730001,\n",
       "  1703.2475218580003,\n",
       "  2097.8621897860003,\n",
       "  9999999,\n",
       "  596.863170943,\n",
       "  1488.668039037,\n",
       "  1875.908788154],\n",
       " [2917.906469415,\n",
       "  3047.555544412,\n",
       "  2081.182393102,\n",
       "  2411.2087906799998,\n",
       "  2690.1575611320004,\n",
       "  2454.279463373,\n",
       "  3246.773930404,\n",
       "  3817.7160425620004,\n",
       "  2160.78620151,\n",
       "  1514.92527537,\n",
       "  1697.550829153,\n",
       "  1561.341524162,\n",
       "  2120.4644251160003,\n",
       "  2300.1106928010004,\n",
       "  2694.7253607290004,\n",
       "  596.863170943,\n",
       "  9999999,\n",
       "  891.804868094,\n",
       "  1279.045617211],\n",
       " [2026.1016013209999,\n",
       "  2155.750676318,\n",
       "  1189.377525008,\n",
       "  1519.403922586,\n",
       "  1798.352693038,\n",
       "  1562.474595279,\n",
       "  2354.96906231,\n",
       "  2925.9111744680004,\n",
       "  1268.981333416,\n",
       "  623.120407276,\n",
       "  805.745961059,\n",
       "  2453.146392256,\n",
       "  3012.2692932100003,\n",
       "  3191.9155608950005,\n",
       "  2691.528737076,\n",
       "  1488.668039037,\n",
       "  891.804868094,\n",
       "  9999999,\n",
       "  387.240749117],\n",
       " [1638.860852204,\n",
       "  1768.509927201,\n",
       "  802.1367758910001,\n",
       "  1132.163173469,\n",
       "  1411.1119439210001,\n",
       "  1175.233846162,\n",
       "  1967.728313193,\n",
       "  2538.670425351,\n",
       "  881.740584299,\n",
       "  235.879658159,\n",
       "  418.505211942,\n",
       "  2840.3871413730003,\n",
       "  2878.548923572,\n",
       "  3058.1951912570003,\n",
       "  2304.287987959,\n",
       "  1875.908788154,\n",
       "  1279.045617211,\n",
       "  387.240749117,\n",
       "  9999999]]"
      ]
     },
     "execution_count": 4,
     "metadata": {},
     "output_type": "execute_result"
    }
   ],
   "source": [
    "## reading the content list\n",
    "for i in range(1,len(content)):\n",
    "    cleaned = content[i].split('\\n')[0].split(' ')\n",
    "    src = int(cleaned[0])\n",
    "    dest = int(cleaned[1])\n",
    "    latency = float(cleaned[2])\n",
    "    adjacency_matrix[src][dest]=latency\n",
    "    adjacency_matrix[dest][src]=latency\n",
    "\n",
    "# applying floyd warshall shortest path algorithm for transitive property\n",
    "for k in range(0,nodes):\n",
    "    for i in range(0,nodes):\n",
    "        for j in range(0,nodes):\n",
    "            if adjacency_matrix[i][k]+adjacency_matrix[k][j]<adjacency_matrix[i][j]:\n",
    "                # then update the matrix\n",
    "                adjacency_matrix[i][j]=adjacency_matrix[i][k]+adjacency_matrix[k][j]\n",
    "\n",
    "for i in range(0,nodes):\n",
    "    adjacency_matrix[i][i]=max_value\n",
    "adjacency_matrix"
   ]
  },
  {
   "cell_type": "code",
   "execution_count": 5,
   "metadata": {},
   "outputs": [
    {
     "name": "stdout",
     "output_type": "stream",
     "text": [
      "[5, 7, 10, 5]\n",
      "[18, 20, 18, 13, 12, 20, 20, 19, 16, 12, 17, 15, 19, 11, 12, 10, 18, 12, 13]\n"
     ]
    }
   ],
   "source": [
    "# initialising load and resource vector \n",
    "import random\n",
    "vnf = 4\n",
    "load=[]\n",
    "resource=[]\n",
    "\n",
    "for i in range(0,vnf):\n",
    "    load.append(random.randint(1,10))\n",
    "    \n",
    "for i in range(0,nodes):\n",
    "    resource.append(random.randint(10,20))\n",
    "    \n",
    "print(load)\n",
    "print(resource)"
   ]
  },
  {
   "cell_type": "code",
   "execution_count": 6,
   "metadata": {},
   "outputs": [
    {
     "data": {
      "text/plain": [
       "[[0, 6, 6, 10, 7, 6, 9, 7, 9, 9, 5, 10, 9, 7, 10, 9, 8, 9, 6],\n",
       " [6, 0, 8, 9, 9, 10, 9, 7, 7, 9, 6, 5, 6, 8, 6, 8, 9, 10, 8],\n",
       " [6, 8, 0, 9, 5, 7, 8, 7, 8, 10, 10, 7, 6, 8, 6, 5, 5, 9, 10],\n",
       " [10, 9, 9, 0, 5, 9, 8, 5, 7, 10, 6, 5, 6, 5, 8, 6, 10, 6, 5],\n",
       " [7, 9, 5, 5, 0, 8, 8, 7, 8, 6, 8, 9, 5, 5, 9, 10, 8, 7, 7],\n",
       " [6, 10, 7, 9, 8, 0, 10, 8, 9, 5, 7, 9, 5, 6, 5, 5, 6, 9, 5],\n",
       " [9, 9, 8, 8, 8, 10, 0, 7, 6, 10, 9, 8, 9, 6, 6, 9, 5, 9, 8],\n",
       " [7, 7, 7, 5, 7, 8, 7, 0, 6, 9, 9, 6, 6, 8, 7, 6, 6, 9, 6],\n",
       " [9, 7, 8, 7, 8, 9, 6, 6, 0, 10, 8, 9, 7, 5, 8, 5, 9, 8, 10],\n",
       " [9, 9, 10, 10, 6, 5, 10, 9, 10, 0, 7, 7, 5, 8, 9, 9, 9, 10, 7],\n",
       " [5, 6, 10, 6, 8, 7, 9, 9, 8, 7, 0, 5, 6, 6, 6, 7, 8, 8, 9],\n",
       " [10, 5, 7, 5, 9, 9, 8, 6, 9, 7, 5, 0, 10, 10, 6, 5, 6, 9, 6],\n",
       " [9, 6, 6, 6, 5, 5, 9, 6, 7, 5, 6, 10, 0, 10, 9, 6, 5, 8, 6],\n",
       " [7, 8, 8, 5, 5, 6, 6, 8, 5, 8, 6, 10, 10, 0, 8, 10, 9, 9, 6],\n",
       " [10, 6, 6, 8, 9, 5, 6, 7, 8, 9, 6, 6, 9, 8, 0, 6, 8, 8, 8],\n",
       " [9, 8, 5, 6, 10, 5, 9, 6, 5, 9, 7, 5, 6, 10, 6, 0, 7, 9, 6],\n",
       " [8, 9, 5, 10, 8, 6, 5, 6, 9, 9, 8, 6, 5, 9, 8, 7, 0, 7, 5],\n",
       " [9, 10, 9, 6, 7, 9, 9, 9, 8, 10, 8, 9, 8, 9, 8, 9, 7, 0, 6],\n",
       " [6, 8, 10, 5, 7, 5, 8, 6, 10, 7, 9, 6, 6, 6, 8, 6, 5, 6, 0]]"
      ]
     },
     "execution_count": 6,
     "metadata": {},
     "output_type": "execute_result"
    }
   ],
   "source": [
    "# initialising bandwidth matrix (from source to destination)\n",
    "bandwidth = [ [ 0 for i in range(nodes) ] for j in range(nodes) ]\n",
    "for i in range(0,nodes):\n",
    "    for j in range(i+1,nodes):\n",
    "        x=random.randint(5,10)\n",
    "        bandwidth[i][j]=x\n",
    "        bandwidth[j][i]=x    \n",
    "bandwidth"
   ]
  },
  {
   "cell_type": "code",
   "execution_count": 7,
   "metadata": {},
   "outputs": [
    {
     "data": {
      "text/plain": [
       "[[0, 1, 1, 5], [1, 0, 2, 4], [1, 2, 0, 2], [5, 4, 2, 0]]"
      ]
     },
     "execution_count": 7,
     "metadata": {},
     "output_type": "execute_result"
    }
   ],
   "source": [
    "# initializing traffic for vnfs\n",
    "traffic = [ [ 0 for i in range(vnf) ] for j in range(vnf) ]\n",
    "for i in range(0,vnf):\n",
    "    for j in range(i+1,vnf):\n",
    "        x=random.randint(1,5)\n",
    "        traffic[i][j]=x\n",
    "        traffic[j][i]=x    \n",
    "traffic"
   ]
  },
  {
   "cell_type": "code",
   "execution_count": 8,
   "metadata": {},
   "outputs": [],
   "source": [
    "# function to check bandwidth constraint\n",
    "# here param x is vnf sequence like [5,10,1,0]\n",
    "def bandwidthConstraint(x):\n",
    "    flag = True\n",
    "    for i in range(0,vnf-1):\n",
    "        flag = flag and traffic[i][i+1]<=bandwidth[x[i]][x[i+1]]    \n",
    "    return flag"
   ]
  },
  {
   "cell_type": "code",
   "execution_count": 9,
   "metadata": {},
   "outputs": [],
   "source": [
    "## function to check load resource constraint\n",
    "def loadConstraint(x):\n",
    "    flag = True\n",
    "    for i in range(0,vnf):\n",
    "        flag = flag and load[i]<=resource[x[i]]    \n",
    "    return flag"
   ]
  },
  {
   "cell_type": "code",
   "execution_count": 10,
   "metadata": {},
   "outputs": [],
   "source": [
    "## objective function\n",
    "## param x is position vector\n",
    "def objectiveFunction(x):\n",
    "    total_latency=0\n",
    "    position_tuple=[]\n",
    "    for i in range(0,nodes):\n",
    "        position_tuple.append(tuple([x[i],i]))  \n",
    "        \n",
    "    ## sorting (position,node) \n",
    "    position_tuple.sort(reverse=True)\n",
    "    vnf_seq=[]\n",
    "    \n",
    "    for i  in range(0,vnf):\n",
    "        vnf_seq.append(position_tuple[i][1])\n",
    "    \n",
    "    if(loadConstraint(vnf_seq)):\n",
    "        if(bandwidthConstraint(vnf_seq)):\n",
    "            for i in range(0,len(vnf_seq)-1):\n",
    "                total_latency=total_latency+adjacency_matrix[vnf_seq[i]][vnf_seq[i+1]]\n",
    "            print(\"vnf sequence: {} | Total Latency {}\".format(vnf_seq,total_latency))\n",
    "            return total_latency\n",
    "        else:\n",
    "            print(\"bandwidth error\")\n",
    "            return max_value\n",
    "    else:\n",
    "        print(\"load error\")\n",
    "        return max_value"
   ]
  },
  {
   "cell_type": "code",
   "execution_count": 11,
   "metadata": {},
   "outputs": [],
   "source": [
    "class Particle:\n",
    "    def __init__(self):\n",
    "        self.position_i=[]          # particle position\n",
    "        self.velocity_i=[]          # particle velocity\n",
    "        self.pos_best_i=[]          # best position individual\n",
    "        self.err_best_i=-1          # best error individual inshort it is best latency\n",
    "        self.err_i=-1               # error individual\n",
    "        \n",
    "        \n",
    "        for i in range(0,num_dimensions):      # intializing position and velocity\n",
    "            self.position_i.append(random.uniform(0,5))\n",
    "            self.velocity_i.append(random.uniform(-1,1))\n",
    "            \n",
    "            \n",
    "    # evaluate current fitness\n",
    "    def evaluate(self,objectiveFunction):\n",
    "        self.err_i=objectiveFunction(self.position_i)\n",
    "\n",
    "        # check to see if the current position is an individual best\n",
    "        if self.err_i < self.err_best_i or self.err_best_i==-1:\n",
    "            self.pos_best_i=self.position_i\n",
    "            self.err_best_i=self.err_i\n",
    "        \n",
    "    \n",
    "            \n",
    "     # update the particle position based off new velocity updates\n",
    "    def update_position(self,bounds):\n",
    "        for i in range(0,num_dimensions):\n",
    "            self.position_i[i]=self.position_i[i]+self.velocity_i[i]\n",
    "                       \n",
    "            # adjust maximum position if necessary\n",
    "            #if self.position_i[i]>bounds[1]:\n",
    "             #   self.position_i[i]=bounds[1]\n",
    "\n",
    "            # adjust minimum position if neseccary\n",
    "            #if self.position_i[i] < bounds[0]:\n",
    "             #   self.position_i[i]=bounds[0]\n",
    "\n",
    "     # update new particle velocity\n",
    "    def update_velocity(self,pos_best_g):\n",
    "        w=0.7         # inertia weight \n",
    "        c1=1.5        # congative constant\n",
    "        c2=1.5        # social constant\n",
    "        for i in range(0,num_dimensions):\n",
    "            r1=random.random()\n",
    "            r2=random.random()\n",
    "\n",
    "            vel_cognitive=c1*r1*(self.pos_best_i[i]-self.position_i[i])\n",
    "            vel_social=c2*r2*(pos_best_g[i]-self.position_i[i])\n",
    "            self.velocity_i[i]=w*self.velocity_i[i]+vel_cognitive+vel_social"
   ]
  },
  {
   "cell_type": "code",
   "execution_count": 12,
   "metadata": {},
   "outputs": [],
   "source": [
    "class PSO:\n",
    "    def __init__(self,objectiveFunction,serverCount,bounds,num_particles,maxiter):\n",
    "        global num_dimensions\n",
    "\n",
    "        num_dimensions=serverCount\n",
    "        err_best_g=-1                   # best error for group\n",
    "        pos_best_g=[]                   # best position for group\n",
    "\n",
    "        # establish the swarm\n",
    "        swarm=[]\n",
    "        for i in range(0,num_particles):\n",
    "            swarm.append(Particle())\n",
    "\n",
    "        # begin optimization loop\n",
    "        i=0\n",
    "        while i < maxiter:\n",
    "            #print i,err_best_g\n",
    "            # cycle through particles in swarm and evaluate fitness\n",
    "            for j in range(0,num_particles):\n",
    "                print(\" particle: {} | iteration: {} \".format(j,i),end=\"\")\n",
    "                swarm[j].evaluate(objectiveFunction)\n",
    "\n",
    "                # determine if current particle is the best (globally)\n",
    "                if swarm[j].err_i < err_best_g or err_best_g == -1:\n",
    "                    pos_best_g=list(swarm[j].position_i)\n",
    "                    err_best_g=float(swarm[j].err_i)\n",
    "\n",
    "            # cycle through swarm and update velocities and position\n",
    "            for j in range(0,num_particles):\n",
    "                swarm[j].update_velocity(pos_best_g)\n",
    "                swarm[j].update_position(bounds)\n",
    "            i+=1\n",
    "\n",
    "        # print final results\n",
    "        print (pos_best_g)\n",
    "        print (err_best_g)\n",
    "\n",
    "if __name__ == \"__PSO__\":\n",
    "    main()\n"
   ]
  },
  {
   "cell_type": "code",
   "execution_count": 13,
   "metadata": {},
   "outputs": [
    {
     "name": "stdout",
     "output_type": "stream",
     "text": [
      " particle: 0 | iteration: 0 \n",
      "vnf sequence: [11, 5, 7, 8] | Total Latency 5869.790922331\n",
      " particle: 1 | iteration: 0 \n",
      "vnf sequence: [1, 0, 15, 8] | Total Latency 6402.068087808\n",
      " particle: 2 | iteration: 0 \n",
      "vnf sequence: [9, 14, 3, 5] | Total Latency 8284.015827177\n",
      " particle: 3 | iteration: 0 \n",
      "vnf sequence: [16, 12, 1, 2] | Total Latency 7733.896427199\n",
      " particle: 4 | iteration: 0 \n",
      "vnf sequence: [8, 13, 2, 14] | Total Latency 9143.211337956\n",
      " particle: 5 | iteration: 0 \n",
      "vnf sequence: [18, 2, 0, 5] | Total Latency 4203.091359741\n",
      " particle: 6 | iteration: 0 \n",
      "vnf sequence: [0, 7, 12, 9] | Total Latency 7968.960690404\n",
      " particle: 7 | iteration: 0 \n",
      "vnf sequence: [8, 9, 1, 4] | Total Latency 5320.7131625990005\n",
      " particle: 8 | iteration: 0 \n",
      "vnf sequence: [18, 17, 3, 7] | Total Latency 3614.136278786\n",
      " particle: 9 | iteration: 0 \n",
      "vnf sequence: [3, 0, 12, 1] | Total Latency 9671.166305284001\n",
      " particle: 10 | iteration: 0 \n",
      "vnf sequence: [0, 10, 3, 15] | Total Latency 4942.085563412\n",
      " particle: 11 | iteration: 0 \n",
      "vnf sequence: [7, 9, 14, 10] | Total Latency 8037.510929529\n",
      " particle: 12 | iteration: 0 \n",
      "vnf sequence: [15, 5, 12, 11] | Total Latency 5900.567136406\n",
      " particle: 13 | iteration: 0 \n",
      "vnf sequence: [13, 14, 15, 5] | Total Latency 5902.912027400001\n",
      " particle: 14 | iteration: 0 \n",
      "vnf sequence: [1, 3, 6, 10] | Total Latency 3021.1349947070003\n",
      " particle: 15 | iteration: 0 \n",
      "vnf sequence: [2, 14, 1, 3] | Total Latency 7815.569432742001\n",
      " particle: 16 | iteration: 0 \n",
      "vnf sequence: [14, 17, 2, 12] | Total Latency 7561.591961547001\n",
      " particle: 17 | iteration: 0 \n",
      "vnf sequence: [3, 7, 12, 15] | Total Latency 6884.831041581001\n",
      " particle: 18 | iteration: 0 \n",
      "vnf sequence: [11, 0, 10, 12] | Total Latency 8996.657769353002\n",
      " particle: 19 | iteration: 0 \n",
      "vnf sequence: [6, 0, 2, 1] | Total Latency 2131.9646886120004\n",
      " particle: 20 | iteration: 0 \n",
      "vnf sequence: [0, 8, 4, 13] | Total Latency 5755.798762705001\n",
      " particle: 21 | iteration: 0 \n",
      "vnf sequence: [13, 2, 5, 15] | Total Latency 8888.845223517\n",
      " particle: 22 | iteration: 0 \n",
      "vnf sequence: [5, 14, 18, 17] | Total Latency 4407.569402599\n",
      " particle: 23 | iteration: 0 \n",
      "vnf sequence: [2, 9, 18, 7] | Total Latency 3812.56651756\n",
      " particle: 24 | iteration: 0 \n",
      "vnf sequence: [18, 1, 13, 6] | Total Latency 11300.525961028\n",
      " particle: 25 | iteration: 0 \n",
      "vnf sequence: [0, 7, 12, 9] | Total Latency 7968.960690404\n",
      " particle: 26 | iteration: 0 \n",
      "vnf sequence: [7, 12, 2, 16] | Total Latency 9415.60627289\n",
      " particle: 27 | iteration: 0 \n",
      "vnf sequence: [13, 18, 12, 1] | Total Latency 10583.802965602\n",
      " particle: 28 | iteration: 0 \n",
      "vnf sequence: [9, 12, 4, 13] | Total Latency 8346.434247206\n",
      " particle: 29 | iteration: 0 \n",
      "vnf sequence: [11, 9, 15, 16] | Total Latency 5784.918416788\n",
      " particle: 30 | iteration: 0 \n",
      "vnf sequence: [14, 15, 7, 5] | Total Latency 7875.87798248\n",
      " particle: 31 | iteration: 0 \n",
      "vnf sequence: [5, 13, 8, 4] | Total Latency 5175.773835401\n",
      " particle: 32 | iteration: 0 \n",
      "vnf sequence: [2, 8, 0, 16] | Total Latency 7122.385266108\n",
      " particle: 33 | iteration: 0 \n",
      "vnf sequence: [9, 8, 13, 1] | Total Latency 8120.779967874001\n",
      " particle: 34 | iteration: 0 \n",
      "vnf sequence: [18, 13, 17, 14] | Total Latency 8941.639489228\n",
      " particle: 35 | iteration: 0 \n",
      "vnf sequence: [1, 15, 9, 7] | Total Latency 8530.757245178\n",
      " particle: 36 | iteration: 0 \n",
      "vnf sequence: [13, 12, 1, 15] | Total Latency 8471.123833812999\n",
      " particle: 37 | iteration: 0 \n",
      "vnf sequence: [2, 9, 18, 16] | Total Latency 2552.94170942\n",
      " particle: 38 | iteration: 0 \n",
      "vnf sequence: [11, 1, 17, 8] | Total Latency 8033.629078308\n",
      " particle: 39 | iteration: 0 \n",
      "vnf sequence: [8, 5, 9, 11] | Total Latency 4780.8735657160005\n",
      " particle: 40 | iteration: 0 \n",
      "vnf sequence: [4, 18, 16, 5] | Total Latency 5144.437024505\n",
      " particle: 41 | iteration: 0 \n",
      "vnf sequence: [17, 12, 0, 6] | Total Latency 7858.546529975001\n",
      " particle: 42 | iteration: 0 \n",
      "vnf sequence: [2, 3, 14, 9] | Total Latency 6306.645205123999\n",
      " particle: 43 | iteration: 0 \n",
      "vnf sequence: [8, 10, 2, 11] | Total Latency 5326.401277454001\n",
      " particle: 44 | iteration: 0 \n",
      "vnf sequence: [8, 3, 17, 13] | Total Latency 6725.223241249\n",
      " particle: 45 | iteration: 0 \n",
      "vnf sequence: [7, 11, 9, 2] | Total Latency 8327.144314861\n",
      " particle: 46 | iteration: 0 \n",
      "vnf sequence: [16, 9, 14, 13] | Total Latency 4809.000124786\n",
      " particle: 47 | iteration: 0 \n",
      "vnf sequence: [16, 12, 18, 7] | Total Latency 7537.683774039\n",
      " particle: 48 | iteration: 0 \n",
      "vnf sequence: [6, 5, 4, 17] | Total Latency 4269.593837345\n",
      " particle: 49 | iteration: 0 \n",
      "vnf sequence: [11, 6, 0, 1] | Total Latency 5266.631990552\n",
      " particle: 0 | iteration: 1 \n",
      "vnf sequence: [2, 1, 8, 6] | Total Latency 6145.479971221001\n",
      " particle: 1 | iteration: 1 \n",
      "vnf sequence: [1, 6, 0, 8] | Total Latency 3048.687283484\n",
      " particle: 2 | iteration: 1 \n",
      "vnf sequence: [2, 0, 1, 3] | Total Latency 1602.7199050420002\n",
      " particle: 3 | iteration: 1 \n",
      "vnf sequence: [6, 18, 1, 8] | Total Latency 6386.4887518939995\n",
      " particle: 4 | iteration: 1 \n",
      "vnf sequence: [3, 6, 0, 2] | Total Latency 2001.1566770260001\n",
      " particle: 5 | iteration: 1 \n",
      "vnf sequence: [18, 1, 2, 9] | Total Latency 3772.899512561\n",
      " particle: 6 | iteration: 1 \n",
      "vnf sequence: [1, 0, 17, 12] | Total Latency 5168.019969528001\n",
      " particle: 7 | iteration: 1 \n",
      "vnf sequence: [1, 9, 0, 18] | Total Latency 5517.990947926999\n",
      " particle: 8 | iteration: 1 \n",
      "vnf sequence: [8, 17, 6, 18] | Total Latency 5591.678708919\n",
      " particle: 9 | iteration: 1 \n",
      "vnf sequence: [6, 0, 1, 17] | Total Latency 2614.267212304\n",
      " particle: 10 | iteration: 1 \n",
      "vnf sequence: [2, 9, 18, 15] | Total Latency 3149.804880363\n",
      " particle: 11 | iteration: 1 \n",
      "vnf sequence: [6, 1, 9, 2] | Total Latency 3241.624405402\n",
      " particle: 12 | iteration: 1 \n",
      "vnf sequence: [9, 6, 0, 17] | Total Latency 4558.577033662\n",
      " particle: 13 | iteration: 1 \n",
      "vnf sequence: [8, 6, 9, 18] | Total Latency 4968.343937922001\n",
      " particle: 14 | iteration: 1 \n",
      "vnf sequence: [6, 18, 9, 1] | Total Latency 4207.997556712\n",
      " particle: 15 | iteration: 1 \n",
      "vnf sequence: [2, 1, 8, 18] | Total Latency 4498.364247109\n",
      " particle: 16 | iteration: 1 \n",
      "vnf sequence: [0, 6, 18, 2] | Total Latency 3098.7325500730003\n",
      " particle: 17 | iteration: 1 \n",
      "vnf sequence: [18, 3, 12, 8] | Total Latency 7139.683609783\n",
      " particle: 18 | iteration: 1 \n",
      "vnf sequence: [18, 0, 17, 2] | Total Latency 4854.339978532999\n",
      " particle: 19 | iteration: 1 \n",
      "vnf sequence: [6, 9, 2, 1] | Total Latency 4207.997556712\n",
      " particle: 20 | iteration: 1 \n",
      "vnf sequence: [0, 6, 18, 8] | Total Latency 3178.3363584810004\n",
      " particle: 21 | iteration: 1 \n",
      "vnf sequence: [0, 9, 2, 8] | Total Latency 4596.634304603\n",
      " particle: 22 | iteration: 1 \n",
      "vnf sequence: [6, 18, 17, 1] | Total Latency 4510.719738628\n",
      " particle: 23 | iteration: 1 \n",
      "vnf sequence: [6, 2, 1, 18] | Total Latency 3900.474615813\n",
      " particle: 24 | iteration: 1 \n",
      "vnf sequence: [9, 6, 1, 18] | Total Latency 4171.336284545\n",
      " particle: 25 | iteration: 1 \n",
      "vnf sequence: [6, 18, 0, 9] | Total Latency 5481.32967576\n",
      " particle: 26 | iteration: 1 \n",
      "vnf sequence: [6, 0, 17, 2] | Total Latency 3544.3465873180003\n",
      " particle: 27 | iteration: 1 \n",
      "vnf sequence: [2, 18, 6, 0] | Total Latency 3098.732550073\n",
      " particle: 28 | iteration: 1 \n",
      "vnf sequence: [6, 9, 18, 1] | Total Latency 4207.997556712\n",
      " particle: 29 | iteration: 1 \n",
      "vnf sequence: [2, 18, 1, 0] | Total Latency 2700.295778089\n",
      " particle: 30 | iteration: 1 \n",
      "vnf sequence: [0, 8, 6, 18] | Total Latency 7017.186058107\n",
      " particle: 31 | iteration: 1 \n",
      "vnf sequence: [18, 9, 17, 8] | Total Latency 2127.981398851\n",
      " particle: 32 | iteration: 1 \n",
      "vnf sequence: [18, 2, 0, 6] | Total Latency 1967.7283131930003\n",
      " particle: 33 | iteration: 1 \n",
      "vnf sequence: [18, 8, 17, 1] | Total Latency 4306.472594033\n",
      " particle: 34 | iteration: 1 \n",
      "vnf sequence: [18, 9, 1, 6] | Total Latency 2439.4876295110003\n",
      " particle: 35 | iteration: 1 \n",
      "vnf sequence: [9, 1, 18, 10] | Total Latency 4191.404724503\n",
      " particle: 36 | iteration: 1 \n",
      "vnf sequence: [6, 0, 1, 8] | Total Latency 3108.767047486\n",
      " particle: 37 | iteration: 1 \n",
      "vnf sequence: [18, 6, 2, 17] | Total Latency 4322.697375503\n",
      " particle: 38 | iteration: 1 \n",
      "vnf sequence: [2, 1, 18, 8] | Total Latency 3616.62366281\n",
      " particle: 39 | iteration: 1 \n",
      "vnf sequence: [6, 8, 9, 18] | Total Latency 3882.356209028\n",
      " particle: 40 | iteration: 1 \n",
      "vnf sequence: [0, 8, 1, 17] | Total Latency 7326.602624321\n",
      " particle: 41 | iteration: 1 \n",
      "vnf sequence: [6, 0, 17, 18] | Total Latency 2742.209811427\n",
      " particle: 42 | iteration: 1 \n",
      "vnf sequence: [6, 9, 0, 2] | Total Latency 4915.0725580280005\n",
      " particle: 43 | iteration: 1 \n",
      "vnf sequence: [2, 8, 18, 12] | Total Latency 5444.166868061\n",
      " particle: 44 | iteration: 1 \n",
      "vnf sequence: [0, 6, 2, 1] | Total Latency 2460.8321496010003\n",
      " particle: 45 | iteration: 1 \n",
      "vnf sequence: [18, 9, 17, 0] | Total Latency 2885.1016667559998\n",
      " particle: 46 | iteration: 1 \n",
      "vnf sequence: [8, 17, 2, 9] | Total Latency 3496.375292474\n",
      " particle: 47 | iteration: 1 \n",
      "vnf sequence: [2, 8, 18, 16] | Total Latency 3844.6635617\n",
      " particle: 48 | iteration: 1 \n",
      "vnf sequence: [8, 0, 6, 17] | Total Latency 5204.4379598020005\n",
      " particle: 49 | iteration: 1 \n",
      "vnf sequence: [2, 11, 8, 6] | Total Latency 8727.311465902\n",
      " particle: 0 | iteration: 2 \n",
      "vnf sequence: [2, 0, 6, 1] | Total Latency 1364.8099232940003\n",
      " particle: 1 | iteration: 2 \n",
      "vnf sequence: [3, 0, 17, 1] | Total Latency 4688.5499563739995\n",
      " particle: 2 | iteration: 2 \n",
      "vnf sequence: [0, 1, 2, 3] | Total Latency 1426.0486238849999\n",
      " particle: 3 | iteration: 2 \n",
      "vnf sequence: [18, 3, 1, 2] | Total Latency 2734.883078511\n",
      " particle: 4 | iteration: 2 \n",
      "vnf sequence: [3, 0, 2, 1] | Total Latency 2309.794906358\n",
      " particle: 5 | iteration: 2 \n",
      "vnf sequence: [8, 1, 9, 2] | Total Latency 5692.656530910001\n",
      " particle: 6 | iteration: 2 \n",
      "vnf sequence: [1, 2, 0, 3] | Total Latency 2309.794906358\n",
      " particle: 7 | iteration: 2 \n",
      "vnf sequence: [1, 0, 18, 12] | Total Latency 4647.058850773\n",
      " particle: 8 | iteration: 2 \n",
      "vnf sequence: [8, 0, 1, 9] | Total Latency 4654.64009686\n",
      " particle: 9 | iteration: 2 \n",
      "vnf sequence: [2, 17, 0, 1] | Total Latency 3345.1282013259997\n",
      " particle: 10 | iteration: 2 \n",
      "vnf sequence: [2, 1, 9, 17] | Total Latency 3593.883143946\n",
      " particle: 11 | iteration: 2 \n",
      "vnf sequence: [1, 3, 0, 2] | Total Latency 1979.76850878\n",
      " particle: 12 | iteration: 2 \n",
      "vnf sequence: [2, 1, 9, 0] | Total Latency 4845.503247033\n",
      " particle: 13 | iteration: 2 \n",
      "vnf sequence: [9, 2, 18, 0] | Total Latency 3479.014062145\n",
      " particle: 14 | iteration: 2 \n",
      "vnf sequence: [2, 18, 0, 1] | Total Latency 2570.646703092\n",
      " particle: 15 | iteration: 2 \n",
      "vnf sequence: [0, 1, 8, 2] | Total Latency 4463.7769466869995\n",
      " particle: 16 | iteration: 2 \n",
      "vnf sequence: [0, 6, 1, 8] | Total Latency 3178.336358481\n",
      " particle: 17 | iteration: 2 \n",
      "vnf sequence: [2, 1, 0, 18] | Total Latency 2734.883078511\n",
      " particle: 18 | iteration: 2 \n",
      "vnf sequence: [2, 18, 3, 9] | Total Latency 3302.342780988\n",
      " particle: 19 | iteration: 2 \n",
      "vnf sequence: [2, 9, 1, 0] | Total Latency 3172.055094407\n",
      " particle: 20 | iteration: 2 \n",
      "vnf sequence: [18, 1, 2, 0] | Total Latency 3571.6071548239997\n",
      " particle: 21 | iteration: 2 \n",
      "vnf sequence: [0, 9, 2, 3] | Total Latency 3242.783341991\n",
      " particle: 22 | iteration: 2 \n",
      "vnf sequence: [1, 9, 10, 3] | Total Latency 3372.432416988\n",
      " particle: 23 | iteration: 2 \n",
      "vnf sequence: [6, 1, 17, 2] | Total Latency 3544.3465873180003\n",
      " particle: 24 | iteration: 2 \n",
      "vnf sequence: [2, 0, 1, 9] | Total Latency 2970.76273667\n",
      " particle: 25 | iteration: 2 \n",
      "vnf sequence: [3, 18, 2, 1] | Total Latency 2900.67310067\n",
      " particle: 26 | iteration: 2 \n",
      "vnf sequence: [0, 17, 1, 6] | Total Latency 4381.070663631\n",
      " particle: 27 | iteration: 2 \n",
      "vnf sequence: [2, 6, 0, 1] | Total Latency 1624.1080732880002\n",
      " particle: 28 | iteration: 2 \n",
      "vnf sequence: [0, 18, 1, 2] | Total Latency 4373.743930715\n",
      " particle: 29 | iteration: 2 \n",
      "vnf sequence: [2, 0, 17, 18] | Total Latency 3250.066426751\n",
      " particle: 30 | iteration: 2 \n",
      "vnf sequence: [2, 8, 0, 18] | Total Latency 5843.339648896999\n",
      " particle: 31 | iteration: 2 \n",
      "vnf sequence: [2, 0, 1, 3] | Total Latency 1602.7199050420002\n",
      " particle: 32 | iteration: 2 \n",
      "vnf sequence: [6, 18, 3, 0] | Total Latency 3606.5891653969998\n",
      " particle: 33 | iteration: 2 \n",
      "vnf sequence: [17, 2, 1, 0] | Total Latency 2285.399751315\n",
      " particle: 34 | iteration: 2 \n",
      "vnf sequence: [1, 9, 2, 6] | Total Latency 4207.997556712\n",
      " particle: 35 | iteration: 2 \n",
